0.695 0.695
0.635 0.635
0.335 0.335
0.555 0.555
0.435 0.435
0.855 0.855
0.585 0.585
0.225 0.225
0.295 0.295
0.195 0.195
0.715 0.715
0.215 0.215
0.955 0.955
0.615 0.615
0.145 0.145
0.905 0.905
0.485 0.485
0.055 0.055
0.575 0.575
0.645 0.645
0.815 0.815
0.285 0.285
0.065 0.065
0.085 0.085
0.345 0.345
0.515 0.515
0.495 0.495
0.025 0.025
0.845 0.845
0.395 0.395
0.885 0.885
0.415 0.415
0.925 0.925
0.205 0.205
0.895 0.895
0.785 0.785
0.775 0.775
0.165 0.165
0.115 0.115
0.935 0.935
0.095 0.095
0.665 0.665
0.105 0.105
0.015 0.015
0.455 0.455
0.945 0.945
0.475 0.475
0.045 0.045
0.595 0.595
0.735 0.735
0.685 0.685
0.705 0.705
0.755 0.755
0.995 0.995
0.975 0.975
0.525 0.525
0.545 0.545
0.965 0.965
0.725 0.725
0.465 0.465
0.445 0.445
0.315 0.315
0.505 0.505
0.235 0.235
0.865 0.865
0.035 0.035
0.835 0.835
0.125 0.125
0.305 0.305
0.625 0.625
0.245 0.245
0.915 0.915
0.325 0.325
0.425 0.425
0.275 0.275
0.405 0.405
0.375 0.375
0.255 0.255
0.985 0.985
0.175 0.175
0.265 0.265
0.005 0.005
0.565 0.565
0.605 0.605
0.185 0.185
0.355 0.355
0.875 0.875
0.765 0.765
0.825 0.825
0.745 0.745
0.655 0.655
0.385 0.385
0.155 0.155
0.675 0.675
0.135 0.135
0.365 0.365
0.075 0.075
0.795 0.795
0.535 0.535
0.805 0.805
