0.9381533400219317 0.7408768370508576
0.003942649342761062 0.43733338321784787
0.7679133974894983 0.07783603724899246
0.09549150281252633 0.7938926261462367
0.6545084971874736 0.02447174185242318
0.2871103542174639 0.0475864737669901
0.7679133974894983 0.9221639627510075
0.003942649342761062 0.562666616782152
0.4063093427071377 0.00885637463565564
0.03511175705587427 0.6840622763423388
0.5313952597646568 0.0009866357858642205
0.5313952597646566 0.9990133642141358
0.9842915805643155 0.6243449435824274
0.6545084971874737 0.9755282581475768
0.8644843137107058 0.8422735529643444
0.8644843137107059 0.15772644703565586
0.9842915805643155 0.37565505641757274
0.4063093427071376 0.9911436253643443
1.0 0.5
0.9381533400219317 0.25912316294914234
0.03511175705587438 0.3159377236576608
0.2871103542174636 0.9524135262330098
0.09549150281252639 0.20610737385376332
0.18128800512565518 0.11474337861210532
0.18128800512565518 0.8852566213878946
