1.0 0.5
0.996057350657239 0.5626666167821521
0.9842915805643155 0.6243449435824274
0.9648882429441257 0.684062276342339
0.9381533400219317 0.7408768370508576
0.9045084971874737 0.7938926261462366
0.8644843137107058 0.8422735529643444
0.8187119948743449 0.8852566213878946
0.7679133974894983 0.9221639627510075
0.7128896457825363 0.9524135262330098
0.6545084971874737 0.9755282581475768
0.5936906572928623 0.9911436253643444
0.5313952597646566 0.9990133642141358
0.4686047402353433 0.9990133642141358
0.4063093427071376 0.9911436253643443
0.3454915028125262 0.9755282581475768
0.2871103542174636 0.9524135262330098
0.23208660251050162 0.9221639627510074
0.18128800512565518 0.8852566213878946
0.13551568628929417 0.8422735529643443
0.09549150281252633 0.7938926261462367
0.06184665997806815 0.7408768370508576
0.03511175705587427 0.6840622763423388
0.015708419435684462 0.6243449435824274
0.003942649342761062 0.562666616782152
0.0 0.49999999999999983
0.003942649342761062 0.43733338321784787
0.015708419435684462 0.37565505641757246
0.03511175705587438 0.3159377236576608
0.061846659978068264 0.2591231629491423
0.09549150281252639 0.20610737385376332
0.13551568628929422 0.15772644703565564
0.18128800512565518 0.11474337861210532
0.23208660251050184 0.07783603724899235
0.2871103542174639 0.0475864737669901
0.3454915028125262 0.024471741852423234
0.4063093427071377 0.00885637463565564
0.4686047402353434 0.0009866357858642205
0.5313952597646568 0.0009866357858642205
0.5936906572928625 0.008856374635655695
0.6545084971874736 0.02447174185242318
0.7128896457825363 0.04758647376699021
0.7679133974894983 0.07783603724899246
0.818711994874345 0.11474337861210548
0.8644843137107059 0.15772644703565586
0.904508497187474 0.2061073738537637
0.9381533400219317 0.25912316294914234
0.9648882429441257 0.3159377236576611
0.9842915805643155 0.37565505641757274
0.996057350657239 0.4373333832178481
