0.30437614686145464 0.27814271329476625
0.4441457686702055 0.5426295394023847
0.8859733096955884 0.025876827862874707
0.17734442641486747 0.8384549887574192
0.5761888158977112 0.9090842076677902
0.6749602508183024 0.8453686875453054
0.07249948339804291 0.08245332253928228
0.6281866571223195 0.36202628530437175
0.2698720076784882 0.06022487427688439
0.20296832843671198 0.4843151840176644
0.6957599159385538 0.18730710425825836
0.6195705309724251 0.8711971800078503
0.9413932892438962 0.28087107172873826
0.8443885186571963 0.16518571330655352
0.21933365791343296 0.0517392365194117
0.7692856561211097 0.6820831295340127
0.1945906648833966 0.9497386147259294
0.6001027448295935 0.7454993998604819
0.9227443550734311 0.588238527122243
0.518493343427697 0.7770596115405879
0.2664103851125187 0.29713465707142883
0.9344315995324686 0.6313667436662166
0.8047616846183097 0.920881713331165
0.8257543630780373 0.07516942418658878
0.5144273098845444 0.06765406291725518
0.6854925194361519 0.3004982999711755
0.8834965477027062 0.9516339863816657
0.0870863421657011 0.9689735773930858
0.49365753135698287 0.8652357095539877
0.02665407550025123 0.5117482273604191
0.7360611917173698 0.7677669745167961
0.03656207665280842 0.7890614631367507
0.4511406007666122 0.1709741926036794
0.1565475779460085 0.6156143634598249
0.5785439949806992 0.39867793244117034
0.20505622474890095 0.011426438765078761
0.11619741879320034 0.5276122683657369
0.635189236664003 0.9047323831255956
0.5835987826073931 0.043478232158045804
0.5440516184641353 0.2543117632646057
0.45316660433278144 0.9731554358686956
0.5563935429863716 0.8863988579198893
0.4826698792031481 0.2924387095144959
0.2664177686503686 0.39148968030234466
0.5526263822417576 0.04836980024278181
0.33620932765455047 0.1416413458439576
0.05160155591500071 0.9030958820884781
0.5049648899457313 0.775264076406119
0.24015704680020578 0.9408627891473991
0.12276949116296121 0.2310545348569112
0.9306956224783439 0.7227277980618744
0.3202042767593628 0.42201535205331064
0.34398968273912933 0.7681477332601242
0.357319332477125 0.5367289779679881
0.9156796054079949 0.2859432673831922
0.6541959367696095 0.5013584063433008
0.8159429174315774 0.300618113373872
0.65419623922603 0.13056377460756807
0.018733152317895962 0.3455869907055579
0.050735771551063014 0.44528535500960575
0.3362781076644942 0.8413545613964908
0.32049237152420307 0.009564487497858987
0.917963759931034 0.7004398999824215
0.4644169919108462 0.1578211830572822
0.9645320921950136 0.9906673883147082
0.86577020589659 0.2609893143681612
0.4133695276050694 0.02496123500753622
0.5739697701750526 0.7641929188319002
0.25288697190719456 0.7532566760326217
0.7313187900326661 0.4813764627859797
0.5216625313763608 0.553758013554051
0.18028426875864112 0.9942091595900229
0.360290000037524 0.7970094034460932
0.2267403229263525 0.6164208701485062
0.880247015961402 0.2644334208492637
0.8272849548701084 0.3937121292063772
0.6176656524444782 0.3158388211110441
0.7041200366366089 0.9591153126719361
0.3402869979177584 0.22565686484134484
0.4553935092380531 0.01617552422711932
0.45927701544577926 0.3755750070024232
0.4641870304216851 0.8237830002011542
0.2790745182030262 0.7217003745825219
0.1489851856746327 0.14604077524034442
0.3648684121558765 0.9563259493276273
0.30687887769307054 0.5719386692019628
0.7423595473918753 0.985665061434645
0.6230890179382542 0.8991435625979158
0.8967863521997315 0.7122632902223327
0.8947760397621297 0.27990067651001727
0.03371224677390805 0.20766380931610773
0.34893078201892147 0.6970387777597483
0.05863150695195152 0.376235902826315
0.5144296048044023 0.11746837764327966
0.40262553083105757 0.20525054793770403
0.7214359487832085 0.40931502059785985
0.3428156822425159 0.9546358713382778
0.5954013419919052 0.26637195365887134
0.8247318349183379 0.6528197446695316
0.5937079458444257 0.8409132625710172
0.30835008989187107 0.042792813110817396
0.7079303138042419 0.5670049750066362
0.8566393541646634 0.866566300512829
0.007297618520216487 0.15202048727600892
0.5673986704446379 0.7729100650421896
0.04248379333066754 0.32974368822622535
0.4165616899553638 0.9989965920628247
0.12090493143782932 0.22169296909319414
0.012623453262778583 0.05969862451273211
0.5243441508453663 0.9173564765692446
0.3978812285757207 0.20050359270450824
0.8883692738901261 0.18554973348710813
0.9192456845075089 0.049612906061086925
0.49860310430540544 0.24029856254651627
0.6170192647567296 0.5711379432272572
0.4981647715776547 0.6096847471534145
0.1678463102512845 0.1644315600505507
0.7550651255443155 0.759823479608821
0.2608617847761796 0.9112647663742127
0.22294713313879533 0.0425162708861867
0.033891078691296594 0.8622874724758007
0.9460294567988378 0.5920098139221046
0.34259615857335746 0.49563534006780563
0.28353229782030387 0.6598842729008977
0.5484462032633186 0.02430348309723185
0.8026718711136759 0.20834361994195183
0.6512910326041299 0.0038890895509419154
0.6112666122162758 0.3977268133214992
0.08461853380758244 0.5354897172554315
0.4735859057713693 0.3878057503225225
0.5736987020542054 0.14583215195299515
0.6665133507725663 0.8280694072588535
0.24890185735531833 0.3133551008826677
0.9037358158165786 0.523024943618099
0.36811023016845545 0.22723255949944388
0.8629690534621227 0.2254343764279949
0.3220219333500841 0.18957158878545988
0.35816446608950114 0.2649731028877448
0.043107854811049395 0.12863091109397384
0.21909527244615146 0.010813486009132123
0.8563338599672458 0.7704206650400043
0.9778333799397066 0.46951632709847857
0.32017126231773674 0.26798857606487203
0.4527123714166368 0.8313108872208478
0.06763899118617733 0.07520189034517377
0.480343894976071 0.9045780993941785
0.11428996424996851 0.3218583953085067
0.2908789578787614 0.9476599220504496
0.020024534733783406 0.5220897386814182
0.3251160041596045 0.8059107152675459
0.21428188065655118 0.742285455106139
0.6414792919694076 0.37690649501178086
0.15099044387517957 0.1997628596999793
0.596698860452512 0.021039104712505585
0.8028413290092332 0.6325459400463593
0.8358454470919554 0.8557323923205865
0.6356580281275783 0.9217207108243077
0.6651966799960002 0.5924846459049564
0.02998125132310614 0.9606039811115568
0.33573768738441534 0.4110546809140462
0.06858175127378563 0.4076450350986369
0.48462070581265027 0.43265224503786226
0.3417190864159937 0.9163209895992832
0.38787464972416374 0.6901275188654306
0.82993494698458 0.9224011267749747
0.6826496046810833 0.7731357283138329
0.3608713872347761 0.8720899191334656
0.7077036281483802 0.6691647703764163
0.4568724390038347 0.6692996952205794
0.0747533843679592 0.32988685330114464
0.3867739882984951 0.09689527875958337
0.4138094569370572 0.4658485986989831
0.06451432806650215 0.503674547325481
0.5849340961957733 0.4514453722266265
0.6690859476342262 0.9913065347012194
0.8207248795724168 0.4631978977902034
0.6728762092438395 0.38942733006215813
0.7946143812699378 0.5773342370457641
0.672185715391833 0.4796758731267149
0.14841075775614354 0.10273423675351778
0.5323550603724153 0.5838068529240834
0.7092991625362418 0.5383536348349128
0.628188875868992 0.6180442341332167
0.40247383426457417 0.7132301309376141
0.2242795906667926 0.9611578229851119
0.029899858424660808 0.5795614303658259
0.7039592320316481 0.09114476663838134
0.7685702863304189 0.8750269846294464
0.48298355215741506 0.9552881717440714
0.36863757282873355 0.2729864152682584
0.8163065493586238 0.3621932335304753
0.5248765344424814 0.3674164740057325
0.4981725732375679 0.62778484129984
0.7142576288061688 0.7982306999557023
0.8082149125946628 0.7329903141581805
0.9397081967770161 0.5874864074717691
0.12869682663766924 0.668188755922994
0.8474113706824645 0.23967358601277688
0.7460743271507287 0.8058889566257453
0.3345646858955371 0.9587758473030709
0.5256947322463582 0.4069307580186162
0.9951841951866779 0.11567223784671621
0.7926302972804953 0.9785899206225447
0.7005539757492586 0.6237844947111421
0.34124126145399736 0.3174208867379579
0.5552159090363052 0.33375109817906756
0.10981373990030374 0.9257487194656051
0.21502903247729932 0.40784726184569553
0.78925174630365 0.7316772556545914
0.7345441366168936 0.2769389139751187
0.8499882364619217 0.7474296164046985
0.7835757568279621 0.994190108245557
0.23176572290527542 0.4847411028783869
0.1116690804131455 0.841253952482161
0.27006672884412464 0.9819731501305712
0.988093243567938 0.6815686698251509
0.20854070589820284 0.7356609996254363
0.07095596704831697 0.7717148587674899
0.3078038275352697 0.9641223770653747
0.1617366339351879 0.6640074190577182
0.33696800959312956 0.23679489374947482
0.575472176117556 0.8608278278238906
0.8414062636963229 0.39506419518829994
0.4228288394759667 0.7866227027041983
0.290460841471342 0.27108156975677855
0.7389654724996256 0.8667232291902025
0.01936967749893903 0.26351417981555036
0.5296588614237572 0.7745048618963042
0.3195338700538968 0.3096899949842338
0.07527518954876256 0.20408245988644824
0.6902985664979504 0.2858348892590008
0.46122077834144537 0.47012884203050376
0.3100453678157783 0.8226762560669947
0.7670015682784168 0.9827413526829994
0.6630700650967122 0.06875928997600522
0.6129934197414609 0.26519209298069857
0.6691587304519225 0.5990246511937217
0.6299773400507681 0.23885856408947437
0.3479998895926071 0.28662627222812487
0.06830975309429543 0.10014198931208218
0.06213462908661249 0.9448149188742418
0.3498075969334923 0.8771001772200564
0.6174386189067763 0.16145309038697953
0.7459417894575899 0.30098305425683136
0.7022067406276713 0.8723860758334975
0.8531331573637514 0.11695033136164512
0.8758138379222034 0.34496605575054706
0.4608504901741456 0.3806536127358966
0.32223544278599725 0.5642056991242907
0.0771703102762098 0.0029769972592917915
0.5625567622595072 0.27922051055805364
0.6270603526936696 0.5870835319314341
0.9641085421783884 0.8649265143220011
0.6763414987148295 0.7801802183008646
0.44230805462741374 0.382010187332152
0.547773300344882 0.4833493407055923
0.22129764519084483 0.997845578046651
0.5075052935876837 0.6828918646771884
0.9688872142187904 0.42892612854151024
0.6088338154882167 0.13342554731786105
0.4150310751576849 0.13923068444227205
0.7667481913133847 0.22013270344566327
0.01917880689581064 0.5764435660516584
0.9953507210105196 0.0014166400432801263
0.7131941688444489 0.1404838136789709
0.01780085383650365 0.6040460049576036
0.6956049062837806 0.4361341465872228
0.39008124431942837 0.4463994904125562
0.5961895663378722 0.07422356021717824
0.6596153443573123 0.29895221581248355
0.7209021547930077 0.5768297702891061
0.2110483434372611 0.5273146997977685
0.06324243636324112 0.756400281178771
0.8539827393172678 0.5313708667500769
0.792592280171123 0.18934730179492787
0.19229658549618656 0.12329855141054813
0.7300189947432254 0.846826268481804
0.45626159615905204 0.5527729458935982
0.004575295546850322 0.640738339008227
0.8725489246323588 0.27491808885619307
0.8584320709637819 0.8820612648927701
0.6455407879442738 0.3705844293596
0.38590264754746495 0.1292058502602229
0.9362225551945337 0.13790437242157072
0.18800886706683084 0.1608844612028364
0.26300359628629544 0.14340415098461812
0.3477660920078911 0.3061241883384572
0.25837266703820305 0.505263269635959
0.9498224272283116 0.20999104123986956
0.9556916333974635 0.9391834467403054
0.9762381546958536 0.35576232155740195
0.08287243249112619 0.8962800184166
0.9892127223298336 0.8190391305375107
0.20864226129025132 0.23347743800171672
0.7933310956577916 0.930757661168492
0.47465191765602954 0.4691294107080679
0.6856853473178613 0.41433739715430185
0.2576927550962129 0.9148896739603342
0.4130874107414164 0.09836849320659846
0.8386673208666726 0.2766711918308412
0.04356850203044471 0.612531447410025
0.34318362914589406 0.9727290571610017
0.036395395920137186 0.6784107527897274
0.25240816331811256 0.12380825575584131
0.6720672251271029 0.6305244795850142
0.5208500003394038 0.3661262265251093
0.9382447996305487 0.40663876479870853
0.7080487065787845 0.4849637673144548
0.8860089820591183 0.6909423993946853
0.1850695776757062 0.8573955343068258
0.04509910025104302 0.3353938980440121
0.6074509851091977 0.4605019085379456
0.8769439981428558 0.8826683648502518
0.1207020420302014 0.661402533358301
0.9894983683896761 0.20323628752484357
0.9174752780671607 0.33774522714144395
0.5254612193941363 0.5918541232093868
0.6693310579332635 0.2552076949089569
0.225982743785603 0.3494745004776493
0.526625625871683 0.44873864339578984
0.2986122361457304 0.4238512736755896
0.8906830017885567 0.2855989134369955
0.208008982949773 0.7738741998612473
0.44877730201849775 0.32216135114614086
0.8989385132210732 0.38487454115467623
0.3714864500094047 0.7065094013299402
0.7619580401004059 0.04727427958599162
0.2465056515621048 0.23214954793791398
0.40852632465377936 0.5060940852295631
0.7253270359233742 0.6356761672459852
0.19335998274075172 0.41195455139481707
0.6500893918209688 0.4777371442698215
0.787119334696437 0.20860644937887785
0.20340373759406272 0.4799722654708185
0.34686234418597695 0.27530995912162404
0.20510600104013854 0.9697155345502166
0.5930156865189506 0.4602481368547814
0.12130669436177155 0.333470340739752
0.4432300657514814 0.035353855239090515
0.7774688653477826 0.5202378865802625
0.2950467265085337 0.7568030657489364
0.08748185457435187 0.9357337223675796
0.14300227527436937 0.5974617807902817
0.5188901699531003 0.06553598962322427
0.06101364069264237 0.6518864053835379
0.7754180489631033 0.2719874218767121
0.6179932501717419 0.08159940237430963
0.9862644918643211 0.39907203612366393
0.7128169071800928 0.7038287117969191
0.7128127198471107 0.8152475893363511
0.567943286342871 0.9211702318099931
0.07948549858448872 0.3537159533491616
0.4216726701088658 0.14444524654259594
0.49938818293007103 0.3844581284967925
0.12537528356512706 0.17005695463916715
0.031770860078465635 0.2826192847487309
0.8306572293414509 0.3248951992046376
0.7628961127236096 0.911956448968142
0.3077791537963612 0.4893165491082221
0.011837596881684398 0.03561161483598663
0.3543417533848169 0.05132968164536378
0.48143808571033886 0.21291122296084475
0.9367090760245262 0.9246280326530769
0.3634234645416481 0.36411168388995274
0.6623313091004848 0.050208599399294895
0.7333346685511742 0.4418198683810165
0.37645376746584314 0.7681529265506634
0.42531375284950856 0.4775915824804081
0.19789726504941352 0.43359689159761294
0.5296061347363991 0.7339625259872922
0.7502256716556428 0.01776488724536085
0.1191697661109391 0.5318930494546893
0.030746693054691465 0.16874759716404264
0.6295034452697232 0.41279286118727476
0.7587834836277992 0.2251930108555128
0.06018014810188754 0.9718156239757654
0.9848112731596235 0.33235450227001706
0.7653911710360229 0.2493118654076254
0.2345544369513527 0.8364297990050068
0.08247253250767128 0.8816713678851129
0.7738317677047294 0.7613759777119109
0.43316096710364693 0.6286438862070987
0.7268392492159016 0.7482001788775311
0.47153730162916707 0.03056821003478083
0.033044629843755335 0.9166080590244622
0.0987324118718913 0.1795702181517156
0.17418629006081454 0.5840711617480286
0.6604752742737933 0.5873415050364652
0.0597446223194954 0.6524036303116113
0.7292158940140092 0.9568949169921034
0.11561721292865834 0.679860033317285
0.6347444637024429 0.5967177351415289
0.15227010785375028 0.9186461316218518
0.19935268641793435 0.4264720032642719
0.5101944346971066 0.8264328092164142
0.4017664329670695 0.6953350478249516
0.6610442030722113 0.7966188175279311
0.49553750018875053 0.3840912256455057
0.47785646971326134 0.5475387519179175
0.8621406754045754 0.7003354593885894
0.8053509397755721 0.007716352970390528
0.07271043536293464 0.84661625765103
0.11730151226118302 0.9650782921678922
0.12365628773460158 0.19997504276679046
0.09169411307899467 0.07067641949944181
0.27723920090399223 0.20498605036176054
0.4360387463737114 0.25138099440254846
0.8564177255198646 0.023992584979828258
0.18014324130462478 0.39676459892702887
0.40944996720554927 0.5277389142830528
0.6296988724800641 0.278175100598258
0.6019093846342364 0.2208334935602747
0.21141334710554327 0.6436548284125752
0.6822481408493176 0.4032779795293737
0.6197217672453785 0.9151693326170967
0.2155465396993661 0.8549387771130197
0.2801626131631334 0.42971542491314096
0.9891706743033042 0.7900384277254118
0.6739358042921754 0.17014128970278586
0.034761203656611506 0.39490789334181076
0.8429006664178268 0.017120699088480018
0.01098104923778398 0.8123377825976416
0.25773220715468526 0.24055745340079104
0.2537679810435399 0.08650425688026853
0.41575038864863845 0.4401250248904055
0.4510955614787473 0.5897866670164473
0.3639675111954679 0.8815614863854375
0.8145514356073836 0.46299471241632717
0.7886313877185485 0.9203722333373426
0.2634582707817924 0.24443047008016627
0.2828609517666497 0.24029023828737062
0.7679778888650071 0.822351790298791
0.45215695397936173 0.43345625399643917
0.2754051375224267 0.170240229335206
0.05056621569867925 0.7632586556052989
0.8437484311785244 0.2555073574634663
0.1298764954671603 0.1407913265260361
0.5079928666898388 0.6177988023047035
0.15709357326988993 0.8118929087140394
0.9448483437192279 0.6379178900959318
0.4330101461431741 0.633749426682669
0.5840731718762463 0.49832551126521163
0.9166856476378659 0.3962306932748798
0.6676655320498394 0.5577040539671025
0.35771236972706943 0.770958117868627
0.27673736501352375 0.19660279765612598
0.22902698887801143 0.7276279618137226
0.19813885540657983 0.9101848250939125
0.895181782431576 0.9944383255695419
0.5724001072373315 0.6068258795375759
0.8636058758838565 0.4143333700927937
0.18795630272232622 0.3511265357849833
0.0872751870759233 0.010015342561662144
0.4443279963416651 0.6871171818647355
0.031175062248611107 0.7295187296024309
0.7517215118016423 0.8856820328012518
0.8883983743385471 0.8247611528173521
0.008647785383086859 0.49752971221221287
0.7076418087608395 0.4721212712969849
0.34726741997717747 0.5762482339126157
0.1068500904614259 0.5088727818697402
0.972610224693145 0.9634574311635253
0.5357449862176946 0.08161891206553418
0.2105157625360401 0.3575377185972467
0.32125536168473956 0.08778667773617888
0.17046840761910942 0.9010486593049606
0.11465277877197899 0.15817802651133583
0.5674280532033645 0.4611129999932644
0.8461283603216164 0.6398856755332987
0.09238354148942585 0.9582184306656074
0.9855912276594156 0.4208207766631761
0.18824250381814633 0.24086679863512273
0.26625493532047484 0.18223206912905954
0.09303328449703319 0.6042694027151105
0.3863822805071998 0.10364405148205003
0.03967380562752354 0.28582686519905365
0.43938194943282816 0.709685370252104
0.1839354337428607 0.03665044206044399
0.5127489958986522 0.4199702332563541
0.3494390737290154 0.6174865501247341
0.9352142692389593 0.8608810829027566
0.11046137402459721 0.2733550043566576
0.6293496386148054 0.1746812887532676
0.6904835933153767 0.8602531339216488
0.38827297217299694 0.9977762670878528
0.28151154962048275 0.11561984697504957
0.14547429815877866 0.1731927256442919
0.5593399533141259 0.888363482793694
0.669393784806849 0.7378294109003268
0.7359982801686448 0.2833669935523565
0.23464439210839538 0.7909687938364195
0.9104939514457511 0.5822824227615915
0.9586232724532241 0.268757860161728
0.5154233955057391 0.8738128334582751
0.523456771693961 0.7677798966717861
0.25142125289995143 0.8413074363995022
0.9925245511137215 0.2475175712666613
0.07613918158213373 0.024825883780119073
0.1612845739986798 0.8865275585918327
0.034349688893564156 0.9569697271049973
0.6428453897998824 0.5713760885218334
0.9194773277441672 0.5422184103522029
0.2241203833099199 0.2695061016759216
0.6502701226460179 0.4723327116655026
0.13689910003726324 0.1840593894485949
0.4465437345766762 0.29206323143012236
0.8069187309829983 0.7364886422137625
0.21869551753681316 0.039530218942425366
0.4799183090029254 0.2267494776514808
0.37226992479929455 0.8352327932694713
0.09127323693823441 0.4566575166844683
0.546260376522757 0.9925356666278826
0.538437369503409 0.5968366277812
0.15333396862084459 0.515996090598249
0.6728047169696225 0.13972228572850698
0.12085657294717222 0.21714819099296345
0.3670331425721751 0.020444155487168936
0.41281825277419726 0.8757363848971604
0.8203551319500445 0.25696153089187046
0.5694640277715083 0.49433865987651293
0.5026280740664759 0.13602189311973123
0.44493775790706913 0.6291472232439571
0.6601313395844841 0.9299862447966325
0.33453102156289616 0.6323940986831127
0.503997680508079 0.10536329499273789
0.9598333510444205 0.6851697372919986
0.674349610223317 0.19796095954131565
0.6968778038499458 0.859194100703685
0.9173822824957204 0.7264315537577846
0.6495444502907864 0.23200834050023766
0.41697900014797595 0.3299985975993146
0.5085633411328195 0.08919200326164967
0.5108139873537536 0.772941131108981
0.6782650687123781 0.4793152916889878
0.29696949677028783 0.5716056781576616
0.8833546847567556 0.1449284815541172
0.99683288623508 0.8563829634898668
0.5817293862562483 0.8294477663508243
0.5497640096965809 0.7349841181102341
0.8013177847808993 0.30434599168036747
0.5584173969957279 0.6649507054521817
0.01899911987297309 0.6726627368190604
0.14263064419221072 0.906002375399535
0.2577347598932316 0.30286834351522995
0.8422225587221788 0.6538040126158148
0.6070685642033045 0.11400116410385364
0.050082218676551826 0.3664772864458493
0.7105562497464468 0.6302013910699533
0.8598214296005785 0.9344933629511701
0.7181266633195348 0.18460685294942558
0.55267825956775 0.04919479150338357
0.6313153827419058 0.05889669201398473
0.08084617387670012 0.7671044139645917
0.8128645162285014 0.742068056923014
0.276118941239321 0.08240858050135191
0.24591899593001798 0.7754672385302855
0.1726864037293544 0.09588212074130908
0.6715009872424459 0.8842227397587795
0.9422713962594291 0.05550446242891405
0.5929078238683229 0.694658696179491
0.8314590079768968 0.43115567368394503
0.047008259268267016 0.32921477620153083
0.6190866929860623 0.724271767587348
0.9789923991136137 0.3908740317028947
0.5245526018347385 0.5845740866417505
0.9521241567402225 0.20660755734919967
0.3036501940748497 0.7193822335953722
0.1308962214471251 0.3380343261519475
0.9390834483368496 0.9427358638727585
0.5566080353844175 0.32122954471910725
0.5170669781805707 0.8478693881385526
0.9539665990640083 0.11642315122610403
0.1740189395191727 0.4790335347128425
0.5051334962831355 0.1848593913601424
0.3253997067249865 0.7655440402727158
0.264715882335567 0.20035235477339963
0.04163846351104361 0.5341008464265206
0.8168576916317196 0.16296143351248393
0.7991984305132431 0.1858757584017139
0.5483742315499956 0.5390581832769443
0.8408698286318063 0.25186070497431345
0.6101372476167992 0.5533497397667516
0.13879362463002842 0.3967577685751359
0.2331721625056078 0.9186402460105707
0.5078292635966373 0.5214417031996129
0.46668359941503945 0.11812011505538211
0.01915112799180041 0.28854158849838285
0.09203742150890482 0.822208004542926
0.04300755467943229 0.14698660483793302
0.6709385941223119 0.7151568180972072
0.5809431181716341 0.5502717147995922
0.8038139831061452 0.39366377322622526
0.49546878217960955 0.7602117430621478
0.834552620282105 0.8204131457834243
0.22402896697624652 0.06039348768622643
0.15762672334718253 0.2617449381139515
0.13808991594470865 0.384913733561415
0.07794885289154996 0.527439103092606
0.014094004084196476 0.004501643217795004
0.4650222374349414 0.3945955952986079
0.7979257685432626 0.8762466336992836
0.7044230850962934 0.26254144101886034
0.18177041942029237 0.6154012530220668
0.4164790776892431 0.2165868388119675
0.2426298543906249 0.7837957935122615
0.8947475897938006 0.5501854094111276
0.3117416438416589 0.8960745830287143
0.3482961238578366 0.6656728354957356
0.8157955764211663 0.8532689817110525
0.37500835213978767 0.8102805904485476
0.848531522280235 0.694259947731575
0.6468422030094979 0.7354513919755052
0.48899271512389364 0.4505900288953345
0.21921439584885105 0.13855179415663754
0.022347377545752334 0.7413730779253369
0.3112412929362215 0.35987546270847426
0.19489419241035089 0.5848863808026502
0.2427876159944624 0.33251817791384297
0.5505354109851315 0.4134498936771245
0.46244841272136383 0.14628278273097095
0.7502088248830555 0.14996772411901937
0.853806436962934 0.5015938518618221
0.0982186031462674 0.4568285023184607
0.15577652885090165 0.21644813307323707
0.005184134526493467 0.952352881160022
0.39205946888184673 0.7611043463787839
0.810871170984824 0.4225596118967925
0.6657372768857202 0.6904803958898265
0.5171328787025689 0.19179796633259683
0.1443952510034603 0.6139803363714047
0.9223844764886914 0.14057249580088071
0.4242266391830747 0.9070607087860914
0.314312802710879 0.40312880531274187
0.1399223173349533 0.5357169600473194
0.19430509472487467 0.019999422451036586
0.48228757263899324 0.50233399249014
0.7315114432811731 0.8242583243843672
0.242863844028122 0.24889574254840074
0.15197804133338266 0.00880757593697723
0.7914703939779535 0.502524080777525
0.5034504242145273 0.5937310946613329
0.34691608573945976 0.8274424498361389
0.5307312558869719 0.352099258179978
0.4828163986802525 0.4100803797807957
0.056577533311831574 0.6529676742771652
0.48428452298228775 0.648934048318851
0.8827295269644468 0.048282656100019805
0.3152609484947566 0.5247609681474504
0.9440429280958551 0.5064456694690532
0.3039219154238233 0.4357475856984805
0.36515319315710637 0.34334293504225155
0.4200030151308316 0.8298149727999891
0.9746522075840761 0.2556436329901235
0.46549341254920296 0.6680810583170161
0.6126015498178425 0.3908997558871896
0.18205552273921377 0.4482659812086468
0.7557416060796114 0.9666020263126511
0.9361038687185815 0.1181862423265907
0.4467116762409121 0.9206922958845903
0.9374731899433707 0.6347098429380127
0.248049692146882 0.4661295033835575
0.8152601057074439 0.18102402087528435
0.2960911553138105 0.974265903939033
0.9490938438803942 0.2704663507325221
0.4956138184463238 0.09515303027410504
0.21134803490024945 0.835083869046699
0.09570521857168846 0.3967639031064284
0.2370870154767657 0.11815831843570634
0.507596396876822 0.47154754406326016
0.2811636463641405 0.22802401041512677
0.7307201974801293 0.9150965729655746
0.059135331953001136 0.024201241874136303
0.6490718919458573 0.8783223539231515
0.7183988619115999 0.6811165530347878
0.21744855687457476 0.9457711210164655
0.319411050253391 0.876888331353518
0.1169115972167949 0.14431350564005796
0.21056421081306742 0.7902506161158064
0.5497821193844369 0.17816619706094627
0.8716674224680236 0.03332977568564488
0.3365710814704669 0.09646902805906887
0.12769853888160498 0.8335561878273258
0.12123632659459649 0.7195960025972735
0.7384105282439646 0.7673434184955298
0.9389800132114087 0.6747237681989295
0.18441497738946877 0.6006244470683415
0.9865725697964425 0.3226202641109971
0.43829831920629525 0.8551667760699848
0.3318483258992808 0.9787706006222178
0.9777313576155089 0.6048818566012915
0.45374619754575796 0.73989074065716
0.6950859301305198 0.22800462497620522
0.5684090228870173 0.7854644801202996
0.5353898424180467 0.278314163654927
0.3607893081880702 0.41664801637674254
0.5048573812629723 0.04825737446811684
0.26380301415772145 0.1920443609153818
0.8176244564052102 0.5204282975321542
0.7088436197039537 0.4326004020379266
0.7224843907663754 0.6958066763589678
0.9934056050569985 0.7737895984783567
0.9464252184020577 0.5976965593232032
0.3783520813922532 0.8990106879395007
0.1749638537921685 0.7700825164081825
0.40674546338561235 0.04778292019590624
0.7378735747752637 0.1475835105915836
0.4597717057814713 0.20348384984235823
0.175516540862673 0.9927687189884147
0.41648079918238623 0.23942714209518645
0.4060634702202217 0.6249470482922271
0.09179992484465427 0.11544017412100827
0.6179144208639691 0.7311111617903352
0.3838717143283026 0.871448832896898
0.34043640210726167 0.11969258798947324
0.9257575955494752 0.4332367918486013
0.4601517286423682 0.37062617973425016
0.6425262207124347 0.6421619774941377
0.9988478431522485 0.9685980867911842
0.2172631581604374 0.656997445862002
0.47146733099853266 0.4316315701632729
0.4426464154064378 0.5044967151517759
0.22336614096491825 0.9252447869777911
0.3387638217115827 0.2535726698429087
0.9590031692959361 0.11769849950600098
0.48136226726176934 0.04833091885211771
0.6538088980329309 0.43363448630131374
0.2731589957637234 0.12547226497484787
0.9549998804597776 0.02828067679661206
0.6348012357318228 0.7768805406435433
0.7699700016387363 0.9526013279154505
0.9237337053147813 0.26705249068800807
0.867969499100484 0.6951058600101451
0.05400849016120124 0.5118343386401927
0.4317677098961422 0.17274354966062289
0.7931439554138143 0.7697321178467407
0.16541434438671643 0.5521365462998634
0.5437127386196816 0.33337570067804323
0.6815729091160517 0.7045897181314142
0.04118867450533781 0.2107561575426974
0.23870303183422936 0.7563571967606901
0.7662201710660972 0.8841681922631724
0.3377624060155585 0.12571043939477966
0.606871300384039 0.019497444203680714
0.9844312493297186 0.47252630105212534
0.8593570178797117 0.8170515373269863
0.24185775680980082 0.0901481272655501
0.44756714963604816 0.5117131496313445
0.2699495781066015 0.6905734058469969
0.09293934628771194 0.7619419872688432
0.7373184920405376 0.7519582278145394
0.4391357199983572 0.6518572595166733
0.9061389681776477 0.13750684824692128
0.6803628765319039 0.7754889581764843
0.8885031226520749 0.6115611864828211
0.207736331479753 0.4359233087675106
0.08347056208744319 0.9284444314990538
0.04737604828279651 0.47682737307797907
0.9583524937994607 0.6361428135706213
0.03470546288818277 0.46509272774503585
0.6405509568400938 0.2763913047629377
0.745205692278655 0.7641181648145319
0.3909476043987916 0.9430629888544375
0.48013559203890954 0.3605991761225006
0.6008013398338397 0.16206433859989855
0.5840748377112419 0.036095180643072045
0.22675759872688317 0.214625935668179
0.2299788232693637 0.27645360437002264
0.5029678671992619 0.03963564294150301
0.8435948592031047 0.9523338344245297
0.8106365418211765 0.8224265509978889
0.5659612489296375 0.4874154759435233
0.32702900456520556 0.32595976658063974
0.8829066144438472 0.23736119333675698
0.5941065580635305 0.2639970791732966
0.05530899980635173 0.5821914166560136
0.07635829666235039 0.20249965659290659
0.21072135070606668 0.12352434466215367
0.6614475396014864 0.8421100972549201
0.7917460789472199 0.47920235412450973
0.5212616279881511 0.5524696461871227
0.3399563115264794 0.23776215906639542
0.07498890777019218 0.7678208631761111
0.1511598243027048 0.5351270730988712
0.056221733721446565 0.46095465020730453
0.4594884228409861 0.20941042483812888
0.7325769563365288 0.9113762747845449
0.5371697065201632 0.6333109924413263
0.2779413472416723 0.8654444462392973
0.15096373461144763 0.6622859861018258
0.24322587192440825 0.3827861525936125
0.17752048076873828 0.9406139564874629
0.8222002914071501 0.4802089852530761
0.4405545570974948 0.8585182683531265
0.7504740864517161 0.290044747947811
0.3625147273306314 0.39670910397114256
0.5364161765735617 0.3322667554045283
0.4402014548172164 0.17680028935439185
0.17159855214974373 0.4707714890621263
0.14736581417021966 0.9115962941228427
0.06544888971281115 0.08474635034323097
0.7530032102598385 0.27751249574439696
0.6512311125357575 0.5055239561493822
0.7559411085843826 0.7726725180244954
0.8103449633658436 0.576038509141214
0.031353469234700615 0.8063126436217052
0.43810078812967224 0.9015508395959321
0.7873755804531941 0.1231917936752086
0.22087339703231035 0.9416700497577924
0.6657759006547629 0.4890027501172761
0.8723270087347252 0.8191987655806158
0.627856474601638 0.08214920378522894
0.9841980806427247 0.6740822068589484
0.3689741910857879 0.07843745929867119
0.2485000170667322 0.8075356350304408
0.8634495276224723 0.8245222853926396
0.428985197293575 0.6982684833585546
0.6401006529007767 0.06509439944800965
0.9566512057277617 0.6966912163459267
0.5953789050895778 0.0636966868264568
0.4106433245338984 0.2396120987078738
0.129059147507529 0.23607948100547083
0.3998812481830729 0.8761361920998779
0.3559446411840824 0.6144077270984681
0.6188466738496458 0.31897196953997164
0.825028188424603 0.5989545558374925
0.16916551634918064 0.6812197533165324
0.12159370158357374 0.39513112559826047
0.11227350607445807 0.9951098771333456
0.8387502578413513 0.9107881329070825
0.7307959926330024 0.6560846353700059
0.8642566637410615 0.6916108644725129
0.6949787459274541 0.3939940098499528
0.622259490111492 0.31073453502140225
0.5032233256912388 0.12604261869728317
0.4437521874327508 0.5357681793479356
0.9249630816640189 0.5077770458894515
0.7201538496912058 0.7049675029862323
0.9090706389406119 0.9787517844333002
0.4437185228082272 0.9578125056085671
0.26609719069894344 0.0616614771309032
0.4783192235738444 0.7494225833307613
0.9005305102111243 0.5553594608378721
0.6057667929815174 0.10764622637320476
0.7136936783212882 0.8559255784289269
0.35646063803051486 0.7743538251038412
0.935481221350088 0.019616958431391995
0.20272528912395182 0.33501007815865114
0.28880682432676696 0.387447448950198
0.41795310609840564 0.9823594578352677
0.9271414829824658 0.5495612149682935
0.45759888773540336 0.9420857029476257
0.24420016176821713 0.8967545476564268
0.5335534948489089 0.0743520530945786
0.3231078674020136 0.2766943778635872
0.08886864841390474 0.3134711179988301
0.8539318789553736 0.1579653612488
0.4960352195224085 0.20924306404567483
0.2958296197654947 0.803960124758742
0.14363756779977532 0.7282884713827222
0.30356305169683917 0.5789061659590099
0.6333405693949417 0.3341581266357554
0.6429082709327966 0.5083450915281468
0.7429923429325992 0.7463964690372947
0.7313413974379166 0.6819240092800031
0.5021696503177628 0.8860970824084524
0.4764732745651219 0.7014231069179996
0.4645979647998639 0.8562067267997692
0.6852461370907297 0.2596652824598621
0.7382422782145723 0.0015576052958838904
0.18957878225648994 0.9562687392013627
0.6575333123942166 0.7994038872605082
0.26432730179128294 0.5305674235518858
0.6465976580374879 0.8659490585041558
0.35786947868278085 0.01997198574190795
0.4099304008983512 0.6575292591489389
0.11825527350029963 0.8058481853081997
0.8185444997706675 0.15751905517413112
0.3061955882540379 0.9668068070700635
0.203095871537611 0.7211264099487728
0.7232480134909558 0.2257240233251564
0.14106700908050562 0.32877017382032125
0.8746026880426477 0.4850625662314306
0.40803397303540034 0.9020343375812433
0.048185187166728816 0.22805433402622977
0.520024382231542 0.9814872768990798
0.5965233657578454 0.13282057738790432
0.9064210121861045 0.8766826393102318
0.5254318694826322 0.8293667768072466
0.8818606614174355 0.032628655708209386
0.6853154386120399 0.1573004649237465
0.5898295403857647 0.8946364103654622
0.3477905175941223 0.6138704721962321
0.7698676667372222 0.0014216116930894085
0.08529018655301468 0.7679165789159256
0.9840883023437661 0.515854047746096
0.5410488723515188 0.11883409789303001
0.8272073308475599 0.8361563185873477
0.2789123856909801 0.045357027464313915
0.25516916965825687 0.6203050627830619
0.08243586806414538 0.4917830267448777
0.770276908917241 0.8298520494583905
0.14120127084769796 0.6835574004251999
0.12119091683226924 0.5106898353459477
0.040948647414433825 0.10111480902873426
0.7997905726632579 0.3767365877883193
0.35473264424359496 0.980544836021137
0.03189274154962307 0.6369558856765039
0.7127352595320338 0.3602201163475358
0.6012338835574282 0.9099350030327988
0.18854432278287836 0.119260974147532
0.5237916369647131 0.588977668385028
0.5476621789618662 0.6622206320751601
0.6464521722204314 0.8855272917312694
0.2340775826687077 0.5577847036260078
0.6585978287757199 0.7114906591007867
0.8674219927614112 0.08239846710002197
0.4851648818703429 0.9820755966348669
0.8708227840351471 0.657397240312031
0.7609157438865385 0.4744714453321619
0.5596421062578457 0.35291900287096223
0.7768440044557835 0.5565250255552793
0.5243336473742217 0.6609783132166478
0.281530006027615 0.8531308675918219
0.7337142976420173 0.24505043152298323
0.10894071311332887 0.4882819318059064
0.3271227035034183 0.12037914836669816
0.8995880725877731 0.9359386390558209
0.40342605839953805 0.9818723574770736
0.269837250062422 0.7432801336841642
0.955258146352965 0.5219474603616351
0.4770541855783925 0.6943322346262896
0.5932835828526403 0.1026045427327249
0.7336403203745209 0.8171354930456523
0.6881042899540415 0.3549375514511651
0.25691302343005984 0.22983499253120243
0.9641336215203602 0.8169691989114933
0.657204342388922 0.012341521415406675
0.6398870314815085 0.11003777402379156
0.5203884183072442 0.5560562409315166
0.03551215751020209 0.9239668023187472
0.6158496483026181 0.022388028204189836
0.58254071389661 0.506089555259795
0.7144792803108291 0.24582790193835236
0.9191954512242767 0.19449928419832263
0.973719536120507 0.9292924592076586
0.3453364077526192 0.11164067277936918
0.01929409824600281 0.20470954872083347
0.37295755553679866 0.1867780546618859
0.9733232532269546 0.9326159997350335
0.907975964984341 0.8115354431052628
0.26444624826946506 0.8214873944799943
0.5178829988074902 0.517939515941679
0.1842345728305408 0.8138557256915276
0.2729304029698574 0.5456924860950976
0.31806970370417664 0.09573606614722685
0.49352949761926235 0.6663919950503606
0.15109770566356584 0.7279949675667556
0.7016273369796683 0.4576644131930414
0.6980606570882317 0.1596661189962063
0.4734832602082145 0.21040178161300915
0.0005567798592541751 0.8752732680834682
0.47721276520029654 0.4373945191201434
0.6113231461098927 0.7329580581731074
0.9958723072694818 0.36449534624010804
0.7459829691168122 0.41044264050794044
0.4025316412675175 0.8026038811404393
0.3933219542110069 0.6248449749105845
0.4550794141350528 0.1571398914412685
0.696510736765286 0.6928589047138823
0.23373670660059187 0.057190960851723815
0.2849369208145379 0.6961175458521641
0.884721323486026 0.826629852098501
0.02183898158351505 0.0884927773639087
0.7002874825535755 0.5065191747125303
0.47763794872871645 0.6047415371379165
0.8979746041066454 0.18985960110376954
0.9433968548997211 0.023298714953971067
0.03350659822200197 0.3508926627710217
0.4832898423545533 0.25563616995741667
0.14939056164695474 0.8504018837988855
0.15618757634848968 0.5528002672474891
0.4832234701160981 0.43425784118461086
0.9012114845770893 0.6809543933788795
0.25202168726098073 0.8886558609713896
0.2594013329687499 0.4516195418165957
0.4262286670609575 0.7532846428021583
0.5432371225361747 0.22148734820735694
0.9153669045432359 0.9734912391876788
0.425865546891941 0.4784294173415977
0.15423000603369386 0.0835415327530532
0.7016225630385536 0.510621732019677
0.9135348351855919 0.6788561090968999
0.08561711304844233 0.5852010115228519
0.6413918992287087 0.8581127160596145
0.3556606500470527 0.6595381602894369
0.6094443154214572 0.39591611634819013
0.37012740199857075 0.9351619777784669
0.6647494682099577 0.03631584350508699
0.8034062299743606 0.6308070887399813
0.9034252992487926 0.6149364530299927
