0.08186262533632516 0.24950717776714193
0.11821625030970839 0.7042907816899663
0.9482830036574569 0.13448805170318323
0.9841915627573462 0.44931029891733865
0.22977843512706098 0.5483069365340628
0.30615312789640614 0.7658592441962044
0.5870984323573404 0.7801345444694844
0.601333412024881 0.22539624599001717
0.13429655330577017 0.7236924688680954
0.08013074376557472 0.712431967245534
0.47576940884825203 0.5903145334170288
0.9471163539564064 0.33185901078576696
0.023750613038149515 0.9391850640420397
0.03942180091160219 0.05377460043866911
0.33526301358638044 0.48536702819962874
0.5826959743239959 0.9618072535380562
0.8523194487187349 0.5304032918442554
0.7403962852265538 0.7615426185385707
0.7556325662873753 0.5489212014295605
0.48144866199314795 0.7846625813015848
0.5856494919650104 0.6185940268282651
0.06342528550835802 0.665290549200555
0.666898279836922 0.09496223622850442
0.5124174747359206 0.639957460015492
0.19972630816819203 0.7449814682979201
0.24278800594456318 0.043286093487021726
0.20563811477514304 0.7555676932889249
0.6286363646494433 0.32563049246532927
0.43454864546024274 0.5600780192094023
0.09938268384718796 0.2836501781014973
0.4683526762745812 0.9247993902334783
0.6657331311394782 0.36941928153172
0.26721772314389103 0.8083303252702985
0.7457649233068331 0.6746654854028125
0.9697947673551133 0.8939284835250717
0.29474679751805344 0.8891126991489201
0.30534426197405085 0.17192970549095432
0.5096894993204625 0.1636518561312884
0.5722387063056095 0.4419466221614545
0.5575804021850458 0.6453458951611546
0.1696964641878701 0.5743164762665366
0.35243036295276786 0.7410457605621271
0.5676824091657975 0.7294216974502025
0.4811038238049581 0.46493854096125864
0.20805375931182446 0.9835017359074417
0.09982106773651134 0.11091697390898514
0.10925666217400054 0.7544886012249497
0.4010428772843584 0.08007741590902584
0.8174596081241726 0.8099550497436269
0.21434808941422245 0.6463231385710598
