0.27115972070055483 0.47844729983220236
0.30368823514168775 0.575546436578861
0.9627929944955037 0.19636771686834376
0.6412667426545237 0.7400472322797661
0.09023162323200529 0.2530415726601236
0.7970678507528587 0.5796221060041935
0.8267225394451301 0.6047766142384682
0.6227215373054414 0.07456251540636116
0.4182532613238009 0.38118089958202195
0.6475712128539258 0.31569390277017617
0.23768496601159594 0.3781137712264888
0.21250746831339828 0.03936610820511355
0.3725498510562534 0.13763392662400098
0.8210143732914118 0.7954989464080369
0.8760963665377782 0.9407660849534139
0.7856031853822845 0.8764084245116306
0.40508502278192515 0.21031090797684593
0.3556221022282413 0.5503557232652755
0.8674727756200449 0.7263972009927541
0.30200605800927294 0.888014658472866
0.554496371699009 0.9365231259440004
0.7966710752561802 0.33908622293154544
0.3475768374563437 0.12368450685552301
0.23462374393481433 0.8277960035144081
0.7849008324168315 0.4191954377928201
