0.8080576364543033 0.9549249462686853
0.16337271787102892 0.8169997200592951
0.003572151630727771 0.16638041420671323
0.3635320655757175 0.965321049908683
0.7979540778047006 0.015135736989999482
0.952195563734528 0.46087770289476115
0.6775736854609808 0.6818072303946944
0.2975453529464087 0.5286761210470032
0.1314803666432489 0.8729581496226667
0.1724046687692702 0.3987050747628432
0.014393664062075429 0.312218763422517
0.4788358593419868 0.9466979863583663
0.7874263003158217 0.5437307547506837
0.6144329640836167 0.1571082953137385
0.5953878704813289 0.8172653976929484
0.5650987727654927 0.31109598550983475
0.9012737350649792 0.9388687027447177
0.5090275967673291 0.6186446839761733
0.4727553766737227 0.1728424344503805
0.123781228861639 0.7200625729451707
0.17680389105408367 0.38255529795018883
0.44056865722412664 0.035949356597287374
0.08951481999755173 0.08090149853055484
0.2688997140062316 0.5535872122279177
0.4102773489451462 0.5808483008684103
0.3249509298399005 0.7246628129935273
0.10501085558288803 0.4978024785491628
0.6991204129467361 0.27652704648613
0.7905135602911185 0.014830799341469802
0.10058764931838249 0.6358064751983977
0.21688444012885477 0.320266806196873
0.5603890105810941 0.6751161900406917
0.3489909591761722 0.06945168989160322
0.8643721472870303 0.7360636377162126
0.47272108188744966 0.0998910576344012
0.5413107951793859 0.30694456794751945
0.8836624682341866 0.4959170721340257
0.10019602680132189 0.3159051390265497
0.2912206059953144 0.6335017280264962
0.8332535259546006 0.6477918109379183
0.33210379028140935 0.6783772252217241
0.8576880073751498 0.6115839420929128
0.16082458178869596 0.3199385946930705
0.7003744598098787 0.4995889193227723
0.9547354678752404 0.4020214443678297
0.8453406220761953 0.14283529509557646
0.6228301508402464 0.14082242734874573
0.11106420472158296 0.4286621676727429
0.47043631938345687 0.9295361916617542
0.31589311864794356 0.15156139818034342
0.5355319677759997 0.3858708902947382
0.9044682661820332 0.8710428688451513
0.977117908153402 0.3405520990493107
0.9949561853954777 0.5193252827992595
0.5086873314581295 0.9197531178413498
0.5154521697065604 0.13539264641058157
0.9513971082621355 0.5182812378611895
0.5846601153935147 0.590658840572787
0.6093759638748592 0.7899799529990995
0.2645593831063937 0.20389385670005555
0.5840575429140644 0.42130832874261936
0.2155663122488285 0.718202559370139
0.771151031010953 0.7966770695406633
0.0724886878249631 0.8191692503717027
0.3756395790500827 0.5984743177248623
0.9891949678784654 0.17193540998475287
0.1273000394092948 0.9653188803321686
0.32398576132956725 0.5782236934362569
0.3460076404221094 0.5513739130909803
0.3671352985244831 0.4807542547968665
0.3664993525094954 0.35523574764034804
0.14265420748446134 0.2954358805328706
0.9852659009310825 0.8360783900389682
0.2830693705891276 0.22724281355773102
0.12048916817864863 0.8056662588821355
0.8805897716388609 0.22104109987869958
0.820295442203412 0.22560791786067158
0.30765239787117715 0.8361716967118087
0.5072994907790908 0.5606303482474823
0.9997982756195845 0.5962473137674109
0.48604249076730144 0.27715236247824115
0.06053521029186726 0.1234428958731878
0.7854017628401495 0.010631188997797913
0.8432972849117358 0.2568325036270379
0.5917874672754949 0.20346488198928037
0.27840472370540126 0.6757148165454874
0.7749184612678123 0.6833465350017247
0.6648156706040572 0.4183078528848201
0.12887474020311485 0.9885218317582793
0.860300927273439 0.3162140085987041
0.9218591567531847 0.3276732884201219
0.5343700633154239 0.19841625834179788
0.6148631009613572 0.42335836842984576
0.5332887987297744 0.5221616391498695
0.747659472594396 0.776021302187013
0.43769052078840964 0.501349298962219
0.21849063447599204 0.8678384158957339
0.28835554877998504 0.9701852038643521
0.6160446742437046 0.2103388361250469
0.0026509089997341917 0.42165647165621156
