0.4186814174025582 0.993342972103934
0.5501808574256073 0.002524491509349913
0.023510329241390626 0.651517634816387
0.19603485115269748 0.1030048006760822
0.1068557839316906 0.19107019345483278
0.20610737385376338 0.09549150281252633
0.8306559326618259 0.8750555348152298
0.9995164673390624 0.47801594084106747
0.003558697715093151 0.5595485800474348
0.003558697715093151 0.44045141995256515
0.6782059393566254 0.032835528771694045
0.1764720192152779 0.11877874449427606
0.32767853841274164 0.03063307117306291
0.9671644712283061 0.3217940606433748
0.27580839195498397 0.9469207120756319
0.8064535268264883 0.8950775061878452
0.9221639627510075 0.7679133974894983
0.9204722911490846 0.229439373936562
0.5157053795390644 0.0002467198171342555
0.5439255982753715 0.0019331954284137476
0.03396444377089447 0.3188623166477272
0.7185578833254664 0.05029737421681452
0.4279946087238739 0.9947880593013254
0.8113938902440561 0.10880459471170584
0.191070193454833 0.10685578393169043
0.7836344745633784 0.08823370118578644
0.02447174185242318 0.3454915028125264
0.054496737905816106 0.7269952498697734
0.002524491509349913 0.4498191425743924
0.6243449435824273 0.9842915805643155
0.0004835326609376467 0.5219840591589324
0.2509074473302546 0.933535350582245
0.3188623166477272 0.9660355562291054
0.9764896707586095 0.34848236518361314
0.2674244609612708 0.9426156556662276
0.30142605468260986 0.041122687158009374
0.6425096312349883 0.020739105491312138
0.9381533400219317 0.25912316294914234
0.9928222975744991 0.41558327764363334
0.8623265650935233 0.8445569041936742
0.0016670359829850656 0.5407953057840788
0.8535533905932737 0.8535533905932737
0.8750555348152298 0.8306559326618259
0.3544819165858641 0.9783560257794153
0.37870038460229627 0.014936701754947102
0.707187790496642 0.9550529853424978
0.16465721173164005 0.1291291136306303
0.9117662988142137 0.7836344745633783
0.8138456806453502 0.8892311507835117
0.5875115294876381 0.9922821672646027
0.256374937137334 0.06336877259503981
0.14867501510057546 0.8557678386046428
0.8376664040605122 0.13124344132091298
0.13767343490647665 0.8445569041936742
0.7758229353142152 0.9170392168065855
0.9842915805643155 0.6243449435824274
0.47487784091011515 0.9993684783030088
0.9099760546627261 0.7862160627972954
0.8282928778764782 0.8771256903680519
0.07450275910265414 0.2374126850193521
0.06336877259503992 0.7436250628626662
0.45920469421592147 0.0016670359829850656
0.4686047402353434 0.0009866357858642205
0.7269952498697734 0.9455032620941839
0.9440682244067722 0.7297899303107439
0.4063093427071377 0.00885637463565564
0.9879583809693737 0.6090716206982713
0.18860610975594372 0.108804594711706
0.883246503404675 0.178873673411708
0.3395281950963952 0.9735491524973721
0.7625873149806479 0.07450275910265408
0.9933429721039341 0.41868141740255826
0.11474337861210537 0.18128800512565518
0.15772644703565564 0.8644843137107058
0.9725315375899024 0.6634440148274712
0.348482365183613 0.9764896707586094
0.9999901304280685 0.4968584280172206
0.765255592153367 0.9238389680425416
0.9993684783030088 0.5251221590898848
0.5188450913349674 0.00035526367970539763
0.02850473205356774 0.6664097722614932
0.04758647376699021 0.7128896457825362
0.9735491524973723 0.33952819509639554
0.0019331954284137476 0.5439255982753716
0.0009866357858642205 0.5313952597646565
0.06803829140358231 0.2481883991821196
0.8623265650935233 0.15544309580632576
0.42178276747988447 0.00615582970243117
0.10685578393169054 0.8089298065451671
0.47801594084106747 0.0004835326609376467
0.9682749433740961 0.6752671600956295
0.6574932598276526 0.025451927504852756
0.028504732053567794 0.33359022773850666
0.7938926261462366 0.9045084971874737
0.9988062531806126 0.5345300128572029
0.9983329640170149 0.4592046942159214
0.9842915805643155 0.37565505641757274
0.0007992249455124889 0.47174073275898776
0.948320518392618 0.7213791155194508
0.013450744508936685 0.6151947133382952
0.879180957644361 0.8259168626504394
0.3605044469803853 0.9801468428384715
0.5376634027639666 0.001420549869693033
0.9026539428555609 0.7964284100805297
0.4529458433407428 0.99778098230154
0.868756558679087 0.8376664040605122
0.9999605221019081 0.493716980058324
0.006657027896065981 0.41868141740255826
0.08296078319341432 0.775822935314215
0.9879583809693737 0.39092837930172875
0.7490925526697454 0.933535350582245
0.9426156556662276 0.7325755390387292
0.4155832776436329 0.007177702425501031
0.5875115294876382 0.007717832735397334
0.15091729050326358 0.8579682415109156
0.31302039713109964 0.03627742333266937
0.5626666167821521 0.003942649342761062
0.49057578014229597 8.882380959551739e-05
0.55330557713763 0.9971503951984995
0.9238389680425416 0.23474440784663297
0.16233359593948782 0.868756558679087
0.7938926261462365 0.09549150281252622
0.3484823651836132 0.023510329241390515
0.908169625358592 0.7887863517111338
0.9911436253643444 0.40630934270713764
0.05029737421681446 0.7185578833254664
0.004346184465246705 0.4342178204538587
0.872970572712091 0.1669940662828741
0.033964443770894526 0.6811376833522729
0.9693669288269371 0.6723214615872586
0.18128800512565518 0.8852566213878946
0.009454741278332957 0.5967747340254301
0.6956868334186015 0.03988407631706492
0.03746139658277092 0.6898895477609005
0.01730918058336306 0.3695792468550516
0.9063470822165469 0.7913452398342881
0.18615431935464982 0.8892311507835118
0.007177702425500976 0.5844167223563668
0.9170392168065855 0.22417706468578474
0.3425067401723477 0.025451927504852645
0.18860610975594383 0.8911954052882941
0.9865492554910633 0.3848052866617047
0.9045084971874737 0.20610737385376338
0.1376734349064767 0.15544309580632576
0.9576205863104588 0.7014532178568313
0.9007834924354383 0.7989524915287594
0.9396581550952781 0.7381191018339696
0.07123667190317384 0.7572197668907532
0.2591231629491423 0.9381533400219317
0.9886340617840967 0.6060035549610273
0.38480528666170477 0.013450744508936685
0.6090716206982713 0.9879583809693737
0.6840622763423392 0.03511175705587438
0.9745480724951473 0.6574932598276524
0.9964413022849068 0.44045141995256515
0.7731971733671346 0.08123597997892917
0.9601159236829352 0.6956868334186013
0.01813816085499509 0.6334509946601876
0.6927919961386984 0.03866363006494261
0.039884076317064865 0.30431316658139873
0.09549150281252639 0.20610737385376332
0.39092837930172875 0.9879583809693737
0.17170712212352174 0.8771256903680519
0.22943937393656216 0.9204722911490846
0.005211940698674533 0.4279946087238738
0.5345300128572029 0.0011937468193873868
0.3665490053398122 0.9818618391450049
0.7269952498697734 0.054496737905815995
0.7964284100805297 0.09734605714443911
0.2374126850193521 0.9254972408973459
0.7518116008178803 0.06803829140358231
0.9952307128483255 0.568895145342319
0.5125650477216688 0.99984209464165
0.44357180756325915 0.9968056552600042
0.9497026257831855 0.2814421166745337
0.6243449435824275 0.015708419435684462
0.5720053912761259 0.005211940698674478
0.23474440784663292 0.9238389680425416
0.21895831107393454 0.0864597128627192
0.7679133974894983 0.9221639627510075
0.03511175705587427 0.6840622763423388
0.5313952597646568 0.0009866357858642205
0.2268028266328655 0.9187640200210709
0.44357180756325904 0.0031943447399958025
0.3217940606433748 0.032835528771693934
0.05449673790581605 0.2730047501302266
0.25363632922585433 0.935091877334763
0.4811549086650329 0.0003552636797053421
0.23208660251050184 0.07783603724899235
0.00035526367970539763 0.48115490866503263
0.7599086713103549 0.07286128415035253
0.04237941368954129 0.29854678214316854
0.2730047501302266 0.9455032620941839
0.7810416889260653 0.08645971286271908
0.0254519275048527 0.3425067401723476
0.06646464941775504 0.25090744733025444
0.7128896457825363 0.04758647376699021
0.24547929212481434 0.9303710135019718
0.6574932598276524 0.9745480724951473
0.07952770885091548 0.7705606260634379
0.29854678214316865 0.9576205863104588
0.9648882429441257 0.3159377236576611
0.49371698005832354 3.947789809194413e-05
0.6604718049036047 0.026450847502627828
0.8235279807847223 0.11877874449427617
0.4968584280172205 0.9999901304280685
0.5998549902572033 0.010072473807876514
0.5313952597646566 0.9990133642141358
0.9985794501303069 0.46233659723603365
0.09921650756456168 0.2010475084712406
0.16002331063879038 0.86662767311128
0.5998549902572035 0.9899275261921234
0.08296078319341438 0.2241770646857849
0.8211263265882922 0.8832465034046749
0.48429462046093585 0.9997532801828658
0.645518083414136 0.021643974220584783
0.8644843137107058 0.8422735529643444
0.3756550564175728 0.015708419435684406
0.32473283990437046 0.9682749433740961
0.49371698005832365 0.9999605221019081
0.7213791155194507 0.051679481607382005
0.9899275261921234 0.40014500974279643
0.8353427882683602 0.12912911363063045
0.002849604801500538 0.5533055771376301
0.7810416889260653 0.9135402871372809
0.9576205863104588 0.2985467821431686
0.3306310398773543 0.9704403844771128
0.015708419435684462 0.6243449435824274
0.32473283990437046 0.03172505662590386
0.7490925526697455 0.06646464941775498
0.9783560257794153 0.35448191658586425
0.9524135262330098 0.7128896457825363
0.09921650756456163 0.7989524915287594
0.6752671600956295 0.9682749433740963
0.7325755390387292 0.057384344333772375
0.43110485465768095 0.9952307128483255
0.40322526597456987 0.990545258721667
0.9865492554910633 0.6151947133382953
0.3043131665813988 0.9601159236829352
0.15544309580632576 0.13767343490647665
0.9204722911490846 0.7705606260634379
0.45920469421592125 0.9983329640170149
0.00035526367970539763 0.5188450913349673
0.0009866357858642205 0.4686047402353433
0.9996447363202946 0.4811549086650329
0.0002467198171342 0.5157053795390641
0.38786461952530926 0.012736563606711437
0.7545207078751858 0.06962898649802829
8.882380959551739e-05 0.509424219857704
0.8644843137107059 0.15772644703565586
0.05885438678252336 0.2646480339173337
0.7213791155194508 0.948320518392618
0.5813185825974417 0.993342972103934
0.36352403224133745 0.018986164206957035
0.2010475084712406 0.9007834924354383
0.018986164206957035 0.3635240322413374
0.9045084971874737 0.7938926261462366
0.9810138357930429 0.36352403224133745
0.5657821795461413 0.9956538155347533
0.5407953057840789 0.0016670359829850656
0.12912911363063034 0.16465721173164005
0.8422735529643444 0.8644843137107058
0.01007247380787657 0.5998549902572036
0.6985739453173904 0.041122687158009485
0.18615431935464988 0.11076884921648822
0.7185578833254664 0.9497026257831855
0.29854678214316865 0.042379413689541234
0.07450275910265403 0.7625873149806478
0.9992007750544876 0.5282592672410122
0.22156219175590602 0.08470205040209366
0.09365291778345308 0.20865476016571188
0.24009132868964522 0.9271387158496476
0.9922821672646027 0.5875115294876381
0.40939711818643126 0.9917226024976649
0.08823370118578622 0.7836344745633782
0.08645971286271903 0.7810416889260652
0.8708708863693696 0.83534278826836
0.9637225766673306 0.6869796028689003
0.5688951453423191 0.004769287151674406
0.014936701754947102 0.6212996153977037
0.5219840591589323 0.0004835326609376467
0.19354647317351176 0.1049224938121548
0.5844167223563669 0.992822297574499
0.9660355562291054 0.6811376833522729
0.7964284100805297 0.9026539428555609
0.29281220950335796 0.9550529853424978
0.11076884921648839 0.18615431935464966
0.2374126850193523 0.07450275910265397
0.7014532178568312 0.04237941368954118
0.707187790496642 0.044947014657502116
0.0 0.5000000000000001
0.4686047402353433 0.9990133642141358
0.008277397502335138 0.5906028818135686
0.05593177559322776 0.729789930310744
0.9999111761904045 0.4905757801422959
0.6664097722614933 0.9714952679464322
0.029559615522887273 0.6693689601226457
0.4063093427071377 0.9911436253643444
0.7518116008178805 0.9319617085964176
0.7887863517111338 0.908169625358592
0.8259168626504394 0.879180957644361
0.13337232688871992 0.8399766893612095
0.00615582970243117 0.5782172325201155
0.6121353804746905 0.012736563606711437
0.012041619030626283 0.39092837930172875
0.9850632982450529 0.6212996153977037
0.14644660940672632 0.14644660940672616
0.8014647708445125 0.10110278023071462
0.9440682244067723 0.27021006968925615
0.8852566213878945 0.8187119948743449
0.6515176348163871 0.023510329241390626
0.5626666167821521 0.996057350657239
0.8235279807847222 0.8812212555057239
0.9956538155347533 0.4342178204538587
0.9187640200210709 0.22680282663286555
0.008856374635655695 0.4063093427071376
0.9999111761904045 0.5094242198577041
0.9366312274049601 0.7436250628626662
0.289957135794097 0.0462577877294415
0.0002467198171342 0.4842946204609358
0.08470205040209366 0.22156219175590602
0.7408768370508577 0.9381533400219317
0.14203175848908445 0.15091729050326358
0.006155829702431115 0.42178276747988463
0.051679481607382116 0.2786208844805491
0.03988407631706481 0.6956868334186012
0.020739105491312082 0.3574903687650119
0.13551568628929422 0.15772644703565564
0.5031415719827796 9.869571931442334e-06
0.4780159408410675 0.9995164673390624
0.004346184465246705 0.5657821795461412
0.6182494985118624 0.014184133542663013
0.8931442160683094 0.8089298065451671
0.9996447363202946 0.5188450913349673
0.07952770885091553 0.22943937393656194
0.007717832735397279 0.587511529487638
0.9510669796841014 0.2842719771595205
0.08123597997892912 0.2268028266328655
0.06490812266523716 0.7463636707741458
0.9693669288269371 0.32767853841274164
0.005674127631043024 0.42488720543962133
0.0019331954284137476 0.4560744017246283
0.10880459471170595 0.8113938902440563
0.0006315216969912663 0.4748778409101153
0.19107019345483278 0.8931442160683094
0.6060035549610272 0.9886340617840967
0.99984209464165 0.4874349522783315
0.2454792921248144 0.06962898649802812
0.5094242198577043 8.882380959551739e-05
0.10300480067608236 0.19603485115269725
0.8490827094967361 0.14203175848908434
0.99984209464165 0.5125650477216688
0.7043245373681747 0.04365420629824868
0.9826908194166369 0.6304207531449485
0.32767853841274147 0.9693669288269371
0.9510669796841014 0.7157280228404794
0.9835007438812176 0.37261463715830884
0.9099760546627262 0.21378393720270472
0.9999901304280685 0.5031415719827794
0.014184133542663069 0.3817505014881376
0.9238389680425416 0.765255592153367
0.21636552543662174 0.08823370118578627
0.8557678386046428 0.1486750151005755
0.03627742333266931 0.6869796028689001
0.7128896457825363 0.9524135262330098
0.03746139658277098 0.3101104522390994
0.6545084971874737 0.9755282581475768
0.8162850809565622 0.11274846990063303
0.8872515300993669 0.8162850809565623
0.16465721173164005 0.8708708863693697
0.229439373936562 0.07952770885091548
0.2427802331092468 0.9287633280968262
0.06034184490472183 0.7381191018339694
0.005674127631043024 0.5751127945603786
0.07616103195745844 0.23474440784663292
0.99778098230154 0.5470541566592572
0.9801468428384715 0.6394955530196147
0.002219017698460002 0.5470541566592572
0.46546998714279697 0.0011937468193873868
0.6364759677586628 0.01898616420695709
0.9922821672646027 0.412488470512362
0.9990133642141358 0.4686047402353434
0.057384344333772375 0.2674244609612708
0.2061073738537635 0.9045084971874737
0.0007992249455124889 0.5282592672410121
0.818711994874345 0.11474337861210548
0.19853522915548766 0.1011027802307145
0.9063470822165471 0.2086547601657121
0.7572197668907532 0.9287633280968262
0.7652555921533672 0.07616103195745849
0.18371491904343767 0.11274846990063314
0.8812212555057239 0.8235279807847222
0.2956754626318256 0.04365420629824851
0.07783603724899252 0.23208660251050162
0.4248872054396216 0.005674127631042969
0.30720800386130176 0.9613363699350574
0.8282928778764784 0.12287430963194823
0.060341844904721886 0.26188089816603044
0.9974755084906501 0.5501808574256074
0.8113938902440563 0.891195405288294
0.9319617085964176 0.7518116008178803
0.9985794501303069 0.5376634027639664
0.002849604801500538 0.4466944228623701
0.4498191425743925 0.9974755084906501
0.9997532801828658 0.4842946204609358
0.02746846241009754 0.6634440148274712
0.9947880593013254 0.572005391276126
0.12702942728790895 0.8330059337171258
0.5251221590898849 0.0006315216969912663
0.042379413689541234 0.7014532178568313
0.4373333832178478 0.9960573506572389
0.6869796028689001 0.03627742333266931
0.0004835326609376467 0.4780159408410674
0.35749036876501195 0.020739105491312027
0.0011937468193873868 0.5345300128572028
0.9319617085964176 0.2481883991821195
0.7913452398342881 0.09365291778345308
0.9917226024976649 0.40939711818643154
0.3878646195253094 0.9872634363932886
0.7625873149806479 0.9254972408973459
0.9588773128419905 0.6985739453173903
0.3101104522390995 0.03746139658277098
0.8306559326618259 0.12494446518477026
0.23474440784663297 0.07616103195745838
0.41248847051236204 0.007717832735397279
0.9792608945086879 0.35749036876501195
0.5595485800474348 0.9964413022849068
0.6212996153977035 0.014936701754947046
0.012041619030626283 0.6090716206982711
0.9850632982450529 0.37870038460229627
0.6782059393566253 0.9671644712283061
0.09365291778345303 0.7913452398342881
0.8490827094967364 0.8579682415109156
0.13984548755604664 0.15317334709359748
0.1935464731735117 0.8950775061878451
0.029559615522887273 0.3306310398773542
0.04112268715800943 0.6985739453173903
0.9999605221019081 0.5062830199416763
0.1249444651847702 0.8306559326618259
0.2842719771595206 0.04893302031589858
0.36957924685505167 0.017309180583363004
0.4811549086650327 0.9996447363202946
0.8138456806453502 0.11076884921648833
0.13551568628929417 0.8422735529643443
0.7408768370508578 0.06184665997806832
8.882380959551739e-05 0.4905757801422959
0.4124884705123619 0.9922821672646027
0.3756550564175726 0.9842915805643155
0.933535350582245 0.7490925526697454
0.9947880593013254 0.42799460872387385
0.032835528771694045 0.3217940606433745
0.0031943447399958025 0.5564281924367407
0.6364759677586626 0.9810138357930429
0.6604718049036047 0.9735491524973722
0.9455032620941839 0.7269952498697734
0.44669442286237016 0.002849604801500538
0.001420549869693033 0.4623365972360336
0.019853157161528467 0.6394955530196146
0.9524135262330099 0.2871103542174639
0.003942649342761062 0.562666616782152
0.3514792092114825 0.9774322723733215
0.055931775593227706 0.2702100696892561
0.15091729050326363 0.14203175848908445
0.9271387158496476 0.24009132868964528
1.0 0.5
0.6304207531449485 0.9826908194166369
0.03063307117306302 0.3276785384127414
0.9152979495979063 0.7784378082440939
0.5782172325201154 0.006155829702431115
0.9682749433740961 0.3247328399043704
0.004769287151674406 0.4311048546576809
0.7862160627972954 0.09002394533727387
0.8089298065451672 0.1068557839316906
0.03172505662590386 0.3247328399043704
0.03866363006494261 0.30720800386130165
0.9988062531806126 0.46546998714279736
0.9254972408973461 0.2374126850193523
0.43110485465768117 0.004769287151674351
0.8812212555057239 0.1764720192152779
0.7241916080450161 0.9469207120756319
0.13124344132091303 0.16233359593948782
0.9411456132174767 0.7353519660826663
0.5782172325201155 0.9938441702975689
0.043654206298248566 0.29567546263182554
0.7381191018339696 0.060341844904721886
0.025451927504852645 0.6574932598276523
0.6545084971874736 0.02447174185242318
0.775822935314215 0.08296078319341438
0.985815866457337 0.38175050148813783
0.515705379539064 0.9997532801828658
0.003942649342761062 0.43733338321784787
0.6090716206982715 0.012041619030626338
0.9221639627510076 0.23208660251050184
0.07783603724899246 0.7679133974894983
0.9899275261921234 0.5998549902572035
0.9254972408973459 0.7625873149806479
0.7545207078751857 0.9303710135019718
0.3939964450389727 0.9886340617840967
0.15317334709359748 0.8601545124439534
0.007177702425500976 0.41558327764363306
0.3335902277385066 0.9714952679464322
0.26188089816603066 0.06034184490472172
0.020739105491312027 0.642509631234988
0.9366312274049602 0.256374937137334
0.10300480067608231 0.8039651488473026
0.07616103195745838 0.765255592153367
0.2899571357940969 0.9537422122705584
0.11076884921648833 0.8138456806453502
0.35749036876501195 0.979260894508688
0.2786208844805492 0.05167948160738206
0.31593772365766115 0.03511175705587427
0.9007834924354385 0.2010475084712408
0.0016670359829850656 0.45920469421592114
0.004769287151674406 0.568895145342319
0.9886340617840967 0.3939964450389726
0.933535350582245 0.2509074473302547
0.11877874449427606 0.17647201921527783
0.21121364828886613 0.9081696253585919
0.00015790535835003006 0.4874349522783312
0.41868141740255826 0.006657027896065926
0.9497026257831855 0.7185578833254664
0.7784378082440941 0.08470205040209378
0.5533055771376301 0.0028496048015005937
0.8535533905932737 0.14644660940672616
0.6334509946601877 0.9818618391450049
0.22417706468578474 0.08296078319341449
0.8399766893612097 0.13337232688872008
0.9755282581475768 0.6545084971874737
0.9152979495979063 0.22156219175590602
0.8039651488473027 0.8969951993239176
0.415583277643633 0.992822297574499
0.8601545124439536 0.15317334709359764
0.996057350657239 0.5626666167821521
0.8513249848994247 0.14423216139535733
0.097346057144439 0.20357158991947039
0.99778098230154 0.452945843340743
0.19853522915548766 0.8988972197692855
0.9117662988142137 0.21636552543662174
0.9974755084906501 0.4498191425743924
0.45607440172462843 0.9980668045715863
0.6956868334186012 0.9601159236829352
0.9892904521627361 0.3970686956150594
0.31302039713109975 0.9637225766673306
0.9980668045715863 0.5439255982753716
0.20357158991947044 0.097346057144439
0.022567727626678524 0.6485207907885174
0.07123667190317384 0.2427802331092468
0.8445569041936742 0.8623265650935233
0.9835007438812176 0.6273853628416911
0.061846659978068264 0.2591231629491423
0.6485207907885173 0.02256772762667847
0.13984548755604653 0.8468266529064025
0.946920712075632 0.27580839195498397
0.9613363699350574 0.6927919961386982
0.21378393720270472 0.0900239453372737
0.7705606260634379 0.9204722911490846
0.024471741852423234 0.6545084971874737
0.7784378082440939 0.9152979495979063
0.9271387158496476 0.7599086713103548
0.29567546263182554 0.9563457937017514
0.6985739453173903 0.9588773128419905
0.9956538155347533 0.5657821795461413
0.9801468428384716 0.36050444698038564
0.08470205040209361 0.7784378082440939
0.9637225766673307 0.3130203971311
0.28144211667453345 0.9497026257831855
0.8162850809565623 0.8872515300993669
0.7679133974894983 0.07783603724899246
0.32179406064337457 0.9671644712283061
0.6151947133382953 0.9865492554910633
0.28711035421746356 0.04758647376699032
0.6811376833522728 0.03396444377089447
0.9601159236829351 0.30431316658139873
0.8771256903680519 0.8282928778764782
0.3726146371583089 0.9835007438812176
0.6455180834141359 0.9783560257794153
0.908169625358592 0.21121364828886618
0.7043245373681746 0.9563457937017514
0.009454741278332957 0.40322526597456976
0.2786208844805491 0.9483205183926179
0.09734605714443906 0.7964284100805297
0.03283552877169399 0.6782059393566253
0.9381533400219317 0.7408768370508576
0.2481883991821195 0.06803829140358242
0.06962898649802818 0.24547929212481434
0.9550529853424978 0.707187790496642
0.9968056552600042 0.4435718075632594
0.05738434433377232 0.7325755390387291
0.0011937468193873868 0.4654699871427971
0.9952307128483256 0.4311048546576811
0.16002331063879044 0.13337232688871992
0.6752671600956294 0.0317250566259038
0.9810138357930429 0.6364759677586627
0.8892311507835118 0.18615431935464988
0.2563749371373337 0.93663122740496
0.5125650477216688 0.00015790535835003006
0.9660355562291054 0.318862316647727
0.6898895477609008 0.037461396582771034
0.8014647708445124 0.8988972197692855
0.993342972103934 0.5813185825974418
0.8950775061878452 0.8064535268264883
0.4560744017246284 0.0019331954284137476
0.26464803391733377 0.058854386782523305
0.8950775061878452 0.19354647317351176
0.17887367341170768 0.11675349659532519
0.5564281924367408 0.9968056552600042
0.4404514199525651 0.9964413022849068
0.6029313043849407 0.989290452162736
0.021643974220584783 0.35448191658586403
0.005211940698674533 0.572005391276126
0.4498191425743925 0.002524491509349913
0.307208003861302 0.0386636300649425
0.030633071173062965 0.6723214615872586
0.3665490053398121 0.0181381608549952
0.42488720543962144 0.994325872368957
0.9704403844771128 0.3306310398773543
0.3188623166477271 0.03396444377089458
0.3365559851725287 0.9725315375899024
0.572005391276126 0.9947880593013254
0.8729705727120911 0.8330059337171258
0.01070954783726391 0.3970686956150594
0.2481883991821196 0.9319617085964177
0.86662767311128 0.8399766893612096
0.6634440148274712 0.9725315375899024
0.6634440148274714 0.02746846241009765
0.5844167223563669 0.007177702425500976
0.22156219175590602 0.9152979495979063
0.3909283793017288 0.012041619030626283
0.5967747340254301 0.009454741278332957
0.5439255982753716 0.9980668045715863
0.1291291136306304 0.8353427882683601
0.9792608945086879 0.642509631234988
0.7157280228404795 0.9510669796841014
0.46233659723603365 0.001420549869693033
0.01345074450893674 0.38480528666170466
0.05167948160738206 0.7213791155194508
0.9783560257794153 0.6455180834141359
0.9990133642141358 0.5313952597646567
0.9826908194166369 0.3695792468550516
0.9303710135019718 0.7545207078751857
0.5407953057840788 0.9983329640170149
0.3939964450389726 0.011365938215903315
0.36050444698038564 0.019853157161528412
0.996057350657239 0.4373333832178481
0.01007247380787657 0.4001450097427964
0.5282592672410122 0.0007992249455124889
0.37870038460229627 0.9850632982450529
0.04494701465750217 0.29281220950335796
0.35448191658586425 0.021643974220584672
0.4999999999999999 0.0
0.5906028818135687 0.008277397502335138
0.03172505662590386 0.6752671600956295
0.11274846990063314 0.8162850809565623
0.8791809576443611 0.17408313734956077
0.08823370118578633 0.2163655254366217
0.39706869561505925 0.989290452162736
0.8039651488473027 0.10300480067608231
0.11274846990063303 0.18371491904343779
0.7731971733671346 0.9187640200210708
0.041122687158009485 0.3014260546826096
0.7862160627972954 0.9099760546627261
0.9537422122705586 0.28995713579409693
0.9980668045715863 0.4560744017246284
0.20865476016571205 0.906347082216547
0.4032252659745701 0.009454741278332901
0.026450847502627828 0.6604718049036047
0.2163655254366217 0.9117662988142137
0.9287633280968262 0.7572197668907532
0.8513249848994247 0.8557678386046427
0.9613363699350574 0.3072080038613019
0.3043131665813988 0.03988407631706481
0.9818618391450049 0.6334509946601878
0.8557678386046427 0.8513249848994247
0.7157280228404796 0.04893302031589869
0.17170712212352174 0.12287430963194812
0.7100428642059033 0.04625778772944161
0.9426156556662277 0.2674244609612711
0.6029313043849408 0.010709547837263966
0.06646464941775498 0.7490925526697454
0.7913452398342881 0.9063470822165469
0.5936906572928623 0.9911436253643444
0.9872634363932886 0.38786461952530965
0.0462577877294415 0.710042864205903
0.8468266529064026 0.8601545124439535
0.16233359593948782 0.13124344132091298
0.8931442160683096 0.191070193454833
0.2137839372027045 0.9099760546627261
0.8969951993239177 0.8039651488473027
0.044947014657502116 0.7071877904966419
0.891195405288294 0.8113938902440563
0.16699406628287428 0.8729705727120911
0.8771256903680519 0.17170712212352174
0.7572197668907532 0.07123667190317384
0.014184133542663013 0.6182494985118623
0.9714952679464322 0.6664097722614933
0.43733338321784815 0.003942649342761062
0.47487784091011537 0.0006315216969912663
0.6273853628416911 0.9835007438812176
0.0164992561187825 0.6273853628416911
0.3817505014881379 0.014184133542662958
0.9563457937017514 0.29567546263182554
0.0164992561187825 0.3726146371583088
0.47174073275898765 0.0007992249455124889
0.13124344132091315 0.8376664040605123
0.11675349659532508 0.1788736734117078
0.3306310398773543 0.029559615522887273
0.7887863517111336 0.09183037464140792
0.7705606260634378 0.07952770885091537
0.83534278826836 0.8708708863693696
0.14644660940672627 0.8535533905932737
0.108804594711706 0.18860610975594366
0.3726146371583089 0.0164992561187825
0.9968056552600042 0.5564281924367408
0.962538603417229 0.6898895477609006
0.06184665997806815 0.7408768370508576
0.3514792092114825 0.022567727626678524
0.9995164673390624 0.5219840591589324
0.902653942855561 0.20357158991947044
0.9411456132174767 0.2646480339173337
0.5751127945603786 0.994325872368957
0.29281220950335785 0.04494701465750217
0.8687565586790869 0.1623335959394877
0.962538603417229 0.3101104522390995
0.9725315375899024 0.3365559851725288
0.2730047501302265 0.054496737905816106
0.4404514199525652 0.003558697715093151
0.38480528666170466 0.9865492554910633
0.3970686956150595 0.01070954783726391
0.6485207907885174 0.9774322723733215
0.9735491524973722 0.6604718049036047
0.2509074473302547 0.06646464941775493
0.9350918773347628 0.7463636707741458
0.06336877259503998 0.2563749371373337
0.6121353804746905 0.9872634363932886
0.8601545124439535 0.8468266529064026
0.5188450913349673 0.9996447363202946
0.4874349522783315 0.00015790535834997455
0.04365420629824862 0.7043245373681746
0.9964413022849068 0.5595485800474349
0.6693689601226459 0.029559615522887328
0.2674244609612707 0.05738434433377243
0.9588773128419906 0.30142605468260986
0.07286128415035237 0.7599086713103547
0.007717832735397334 0.4124884705123619
0.3335902277385069 0.028504732053567683
0.7241916080450163 0.05307928792436817
0.9774322723733215 0.6485207907885174
0.048933020315898634 0.28427197715952046
0.5 1.0
0.8579682415109156 0.8490827094967364
0.15317334709359748 0.13984548755604653
0.1788736734117078 0.8832465034046749
0.002219017698460002 0.4529458433407427
0.058854386782523305 0.7353519660826662
0.018138160854995145 0.3665490053398123
0.0006315216969912663 0.5251221590898848
0.12081904235563912 0.1740831373495606
0.10492249381215485 0.1935464731735117
0.9550529853424978 0.29281220950335785
0.05307928792436811 0.7241916080450161
0.9671644712283061 0.6782059393566253
0.8988972197692855 0.19853522915548766
0.1011027802307145 0.19853522915548766
0.09183037464140797 0.7887863517111338
0.019853157161528467 0.3605044469803853
0.9648882429441257 0.684062276342339
0.9135402871372809 0.7810416889260653
0.2189583110739347 0.9135402871372809
0.8064535268264884 0.10492249381215496
0.9287633280968263 0.242780233109247
0.5376634027639664 0.9985794501303069
0.275808391954984 0.053079287924368
0.9774322723733215 0.35147920921148246
0.8579682415109156 0.15091729050326363
0.12287430963194812 0.17170712212352174
0.19603485115269725 0.8969951993239176
0.9971503951984995 0.44669442286237016
0.5282592672410122 0.9992007750544876
0.40014500974279643 0.9899275261921234
0.581318582597442 0.006657027896065981
0.2241770646857849 0.9170392168065856
0.12494446518477031 0.16934406733817398
0.026450847502627828 0.33952819509639526
0.03627742333266937 0.31302039713109975
0.09549150281252633 0.7938926261462367
0.5657821795461415 0.004346184465246761
0.8330059337171257 0.12702942728790884
0.24278023310924662 0.07123667190317395
0.16934406733817398 0.8750555348152297
0.010709547837263966 0.6029313043849407
0.5751127945603787 0.005674127631043024
0.5251221590898848 0.9993684783030088
0.001420549869693033 0.5376634027639663
0.49057578014229586 0.9999111761904045
0.021643974220584727 0.6455180834141359
0.891195405288294 0.18860610975594372
0.49685842801722063 9.869571931442334e-06
0.7436250628626662 0.9366312274049601
0.14423216139535733 0.8513249848994247
0.023510329241390626 0.34848236518361286
0.5062830199416762 3.947789809194413e-05
0.120819042355639 0.8259168626504394
0.6869796028689001 0.9637225766673307
0.11675349659532502 0.8211263265882921
0.5345300128572029 0.9988062531806126
0.8089298065451672 0.8931442160683094
0.06962898649802812 0.7545207078751855
0.20357158991947039 0.902653942855561
0.127029427287909 0.1669940662828741
0.9170392168065855 0.7758229353142152
0.6394955530196147 0.019853157161528467
0.7463636707741457 0.0649081226652371
0.4654699871427971 0.9988062531806126
0.9755282581475768 0.34549150281252616
0.9537422122705584 0.7100428642059031
0.47174073275898776 0.9992007750544876
0.7599086713103548 0.9271387158496476
9.869571931442334e-06 0.5031415719827793
0.015708419435684462 0.37565505641757246
0.5062830199416762 0.9999605221019081
0.6723214615872586 0.030633071173062965
0.06803829140358236 0.7518116008178805
0.6664097722614933 0.028504732053567794
0.08123597997892917 0.7731971733671346
0.36957924685505156 0.9826908194166369
0.6304207531449486 0.017309180583363115
0.40014500974279643 0.01007247380787657
0.8399766893612096 0.86662767311128
0.01136593821590326 0.3939964450389727
0.13337232688872003 0.16002331063879038
0.6334509946601877 0.018138160854995145
0.6723214615872585 0.9693669288269371
0.6898895477609006 0.962538603417229
0.9872634363932886 0.6121353804746906
0.5936906572928625 0.008856374635655695
0.002524491509349913 0.5501808574256075
0.7325755390387292 0.9426156556662276
3.947789809194413e-05 0.4937169800583237
0.0031943447399958025 0.4435718075632592
0.48429462046093585 0.0002467198171342
0.08645971286271908 0.2189583110739347
0.9917226024976649 0.5906028818135687
0.4874349522783313 0.99984209464165
0.2646480339173337 0.9411456132174767
0.09002394533727381 0.7862160627972954
0.00015790535835003006 0.5125650477216687
0.40939711818643154 0.008277397502335138
0.6212996153977036 0.9850632982450529
0.05307928792436817 0.27580839195498374
0.6927919961386984 0.9613363699350574
0.28427197715952046 0.9510669796841014
0.7463636707741458 0.9350918773347628
0.9714952679464324 0.3335902277385069
0.24009132868964528 0.07286128415035242
0.2702100696892562 0.055931775593227706
0.5501808574256074 0.9974755084906501
0.8666276731112801 0.16002331063879044
0.7436250628626662 0.06336877259503992
0.30142605468260963 0.9588773128419905
0.2086547601657121 0.09365291778345292
0.7381191018339696 0.9396581550952781
0.7100428642059031 0.9537422122705586
0.9997532801828658 0.5157053795390641
0.006657027896065926 0.5813185825974416
0.06490812266523721 0.2536363292258541
0.8872515300993669 0.18371491904343767
0.2814421166745338 0.050297374216814406
0.14423216139535744 0.1486750151005753
0.9396581550952783 0.26188089816603066
0.9135402871372811 0.21895831107393493
0.027468462410097594 0.3365559851725287
0.9971503951984995 0.55330557713763
0.1420317584890844 0.8490827094967364
0.568895145342319 0.9952307128483255
0.10110278023071445 0.8014647708445123
0.8750555348152299 0.1693440673381742
0.5967747340254301 0.990545258721667
0.9764896707586095 0.6515176348163869
0.9563457937017514 0.7043245373681746
0.9303710135019718 0.2454792921248144
0.3454915028125262 0.024471741852423234
9.869571931442334e-06 0.4968584280172206
0.7353519660826665 0.05885438678252347
0.3454915028125262 0.9755282581475768
0.8422735529643444 0.13551568628929422
0.4623365972360336 0.9985794501303069
0.6811376833522729 0.9660355562291054
0.04758647376699027 0.28711035421746367
0.994325872368957 0.5751127945603786
0.5906028818135687 0.9917226024976649
0.6151947133382956 0.013450744508936796
0.5470541566592573 0.002219017698460002
0.31593772365766104 0.9648882429441257
0.4217827674798846 0.9938441702975689
0.9938441702975689 0.5782172325201155
0.7836344745633783 0.9117662988142137
0.5094242198577041 0.9999111761904045
0.012736563606711382 0.6121353804746905
0.17647201921527783 0.8812212555057239
0.8259168626504394 0.12081904235563906
0.9992007750544876 0.4717407327589876
0.2871103542174636 0.9524135262330098
0.38175050148813766 0.985815866457337
0.018986164206957035 0.6364759677586624
0.9938441702975689 0.4217827674798844
0.20104750847124042 0.0992165075645618
0.7297899303107439 0.9440682244067723
0.07286128415035242 0.24009132868964522
0.9704403844771128 0.6693689601226457
0.9455032620941839 0.2730047501302265
0.1577264470356557 0.13551568628929422
0.16934406733817403 0.12494446518477026
0.02256772762667858 0.35147920921148246
0.729789930310744 0.05593177559322782
0.18371491904343779 0.887251530099367
0.9187640200210708 0.7731971733671346
0.1049224938121548 0.8064535268264882
0.44669442286237004 0.9971503951984995
0.8211263265882922 0.11675349659532508
0.7989524915287595 0.9007834924354383
0.1669940662828741 0.127029427287909
0.8832465034046749 0.8211263265882922
0.684062276342339 0.9648882429441257
0.8708708863693697 0.16465721173164005
0.3101104522390994 0.962538603417229
0.04625778772944156 0.2899571357940969
0.6394955530196147 0.9801468428384715
0.627385362841691 0.016499256118782446
0.25363632922585416 0.06490812266523721
0.03511175705587427 0.31593772365766104
0.6182494985118624 0.985815866457337
0.43421782045385876 0.004346184465246705
0.5470541566592572 0.99778098230154
3.947789809194413e-05 0.5062830199416762
0.9993684783030088 0.4748778409101153
0.5031415719827794 0.9999901304280685
0.22680282663286555 0.08123597997892906
0.989290452162736 0.6029313043849407
0.8376664040605122 0.868756558679087
0.04893302031589858 0.7157280228404794
0.00885637463565564 0.5936906572928623
0.43421782045385876 0.9956538155347533
0.3425067401723476 0.9745480724951473
0.8969951993239178 0.19603485115269748
0.2618808981660304 0.9396581550952781
0.559548580047435 0.0035586977150932064
0.9818618391450048 0.36654900533981205
0.7989524915287594 0.09921650756456168
0.8445569041936745 0.13767343490647682
0.12287430963194806 0.8282928778764782
0.18128800512565518 0.11474337861210532
0.14867501510057535 0.14423216139535733
0.994325872368957 0.4248872054396216
0.9983329640170149 0.5407953057840788
0.8330059337171258 0.8729705727120911
0.7353519660826663 0.9411456132174767
0.3395281950963951 0.026450847502627883
0.008277397502335193 0.40939711818643126
0.6693689601226456 0.9704403844771128
0.8187119948743449 0.8852566213878945
0.15544309580632576 0.8623265650935232
0.8892311507835117 0.8138456806453502
0.09183037464140809 0.21121364828886613
0.7014532178568313 0.9576205863104588
0.038663630064942556 0.6927919961386982
0.992822297574499 0.584416722356367
0.6515176348163869 0.9764896707586095
0.9905452587216671 0.40322526597457004
0.9911436253643444 0.5936906572928623
0.05029737421681452 0.28144211667453345
0.452945843340743 0.002219017698460002
0.01136593821590326 0.6060035549610274
0.23208660251050178 0.9221639627510076
0.9745480724951473 0.3425067401723477
0.21121364828886618 0.09183037464140803
0.6060035549610272 0.01136593821590326
0.9350918773347627 0.25363632922585416
0.5564281924367408 0.0031943447399958025
0.985815866457337 0.6182494985118624
0.36352403224133734 0.9810138357930429
0.012736563606711437 0.3878646195253094
0.42799460872387385 0.005211940698674533
0.118778744494276 0.8235279807847221
0.25912316294914234 0.06184665997806821
0.1740831373495606 0.8791809576443609
0.014936701754947102 0.3787003846022962
0.9483205183926179 0.2786208844805492
0.642509631234988 0.9792608945086879
0.01730918058336306 0.6304207531449485
0.17408313734956077 0.1208190423556389
0.09002394533727387 0.2137839372027045
0.5219840591589324 0.9995164673390624
0.11474337861210526 0.8187119948743448
0.8988972197692855 0.8014647708445124
0.3365559851725288 0.02746846241009754
0.9469207120756319 0.7241916080450161
0.8468266529064026 0.13984548755604653
0.990545258721667 0.5967747340254301
0.2702100696892561 0.9440682244067723
0.8852566213878947 0.18128800512565518
